100206
101107
101309
101915
102008
102109
102513
102614
102715
103111
103212
103414
105216
105620
106319
107220
107321
107725
108222
108525
108828
109325
109830
110411
110613
111716
112112
112314
113215
113619
113821
114318
114419
114621
115219
115724
117122
117324
117728
117930
118124
118528
118730
118932
119025
119126
119732
120010
120515
120717
121315
121416
121618
121719
121921
122620
123117
123420
124220
124624
125222
126628
127327
127630
127933
129129
129432
129634
130013
130821
131419
131924
132017
133827
133928
134223
134324
134425
135225
135629
135730
136126
136227
136631
136732
136833
137229
137633
137936
138130
138231
138332
138534
138837
140319
140824
140925
142424
142626
142828
143527
144125
144428
144832
145531
146331
146836
147030
147636
147737
148032
148335
148840
149236
149539
149842
150019
150524
150625
150726
151021
151223
151324
151425
151627
151829
152225
152427
152831
153025
153429
153631
153833
154229
154330
154734
154936
155231
155635
156031
156233
156536
156637
157437
157942
158338
158540
158843
159744
159946
160123
160729
160830
160931
161731
161832
162228
162329
163331
164939
165032
165234
165840
165941
166640
167743
168038
168139
169040
169141
169545
170631
170934
171431
171532
172534
172635
173132
173233
173435
173536
173637
173738
173839
173940
175035
175136
175338
175742
176037
176239
176441
176744
176845
177342
178748
178849
178950
180129
180230
180432
180836
180937
181131
182032
183034
183741
185038
185341
185846
186444
187143
187850
188145
188347
188448
188751
189450
190031
191235
191942
192035
192136
192237
193239
193441
194645
194746
194847
195647
195849
195950
196346
197449
197550
198350
199352
199453
199958
200513
200917
201111
201414
201717
201818
202113
203721
204016
204218
204319
204420
204622
205725
206222
206323
206525
206727
206828
206929
207123
208024
208125
208226
208327
208428
208630
209127
209531
209834
209935
210011
210415
211114
211215
211316
211417
211619
211720
211821
212015
212116
212217
213017
213421
213522
214221
214423
214726
217126
217429
219231
220721
224022
227432
228434
237334
238033
250932
257946
268749
268850
270332
275645
284646
285345
285446
286347
286650
290136
298051
298455
300618
303119
304020
305830
307127
309636
311320
316633
317332
329440
333330
334635
336841
339847
346137
346945
348545
350330
351938
355239
355542
355845
356948
361941
366042
366446
368551
371843
377451
378857
379657
381543
386250
392447
392750
395251
397154
406432
415837
419239
421226
422632
424939
432332
436239
445543
448347
449753
454140
456346
459453
465852
475855
479762
480141
481042
481951
485757
486759
495255
499566
510326
513736
516742
517239
519950
520228
523032
524135
529549
530635
531536
540436
541640
545345
555651
558960
559457
561242
561444
565452
566454
567052
567961
569965
570243
571144
571548
576255
578057
580044
580347
580650
580751
583858
584355
587664
588565
589567
590047
592455
594156
597869
598568
599065
599469
604537
609143
611231
613235
615744
616645
620434
622236
626648
627852
628248
633847
635245
644044
645450
645551
647858
654754
656253
657659
663755
672756
673455
677766
679568
680250
683256
685058
687163
693764
694362
695768
700634
701535
704238
706040
713239
715041
727654
729254
729557
734045
737960
748258
748662
749361
751348
753251
756055
759869
765056
766563
773257
774663
782157
786569
788876
792766
792867
793465
800941
802844
803240
809252
810439
810843
812746
814548
815247
816653
818455
826454
833148
837560
841349
843151
845458
849971
856968
857263
865363
867468
869472
870861
872562
873968
877269
880157
882161
889579
894067
894774
896879
902242
908860
910443
919966
930449
932554
937160
942658
947668
952863
955465
957974
959574
962058
965367
965771
970764
978578
979984
983773
987074
989987
991267
992673
992774
993675
994273
